Згенерований протокол обчислення:

Матриця вартостей:
45 17 33 10
35 15 38 8
40 16 31 9
37 22 35 15

Пошук мінімальних елементів у кожному рядку та віднімання його від кожного елемента в рядку:
Рядок 1: min = 10
Рядок 2: min = 8
Рядок 3: min = 9
Рядок 4: min = 15

35 7 23 0
27 7 30 0
31 7 22 0
22 7 20 0

Пошук мінімальних елементів у кожному стовпці та віднімання його від кожного елемента в стовпці:
Стовпець 1: min = 22
Стовпець 2: min = 7
Стовпець 3: min = 20
Стовпець 4: min = 0

Пошук оптимальних призначень (ітерація 1):
13 0 3 0
5 0 10 0
9 0 2 0
0 0 0 0
Кількість ліній = 3, призначень = 3, всього робіт = 4
Матрицю оптимальних призначень не знайдено.
min (невикреслені) = 2
Матриця після коригування:
11 0 1 0
3 0 8 0
7 0 0 0
0 2 0 2

Пошук оптимальних призначень (ітерація 2):
11 0 1 0
3 0 8 0
7 0 0 0
0 2 0 2
Кількість ліній = 4, призначень = 4, всього робіт = 4
Матрицю оптимальних призначень знайдено!

Заповнення матриці призначень:
k = 1: рядок з мінімальною кількістю «0», обрано [1, 2]
k = 2: рядок з одним «0», обрано [2, 4]
k = 3: рядок з одним «0», обрано [3, 3]
k = 4: рядок з одним «0», обрано [4, 1]

Матриця призначень:
0 1 0 0
0 0 0 1
0 0 1 0
1 0 0 0

Загальна вартість робіт: S = 17 + 8 + 31 + 37 = 93

Наведемо приклад пошук розв'язку задачі про призначення симплекс-методом:

Постановка задачі:

Z = 45x1 + 17x2 + 33x3 + 10x4 + 35x5 + 15x6 + 38x7 + 8x8 + 40x9 + 16x10 + 31x11 + 9x12 + 37x13 + 22x14 + 35x15 + 15x16  ->  min
Z' = -45x1 + -17x2 + -33x3 + -10x4 + -35x5 + -15x6 + -38x7 + -8x8 + -40x9 + -16x10 + -31x11 + -9x12 + -37x13 + -22x14 + -35x15 + -15x16  ->  max

при обмеженнях:
- x1 - x2 - x3 - x4 + 1 >= 0
- x5 - x6 - x7 - x8 + 1 >= 0
- x9 - x10 - x11 - x12 + 1 >= 0
- x13 - x14 - x15 - x16 + 1 >= 0
x1 + x5 + x9 + x13 - 1 >= 0
x2 + x6 + x10 + x14 - 1 >= 0
x3 + x7 + x11 + x15 - 1 >= 0
x4 + x8 + x12 + x16 - 1 >= 0

x[j] >= 0, j=1,16.

Вхідна симплекс-таблиця:

      =   v1, -x1  v2, -x2  v3, -x3  v4, -x4  v5, -x5  v6, -x6  v7, -x7  v8, -x8  v9, -x9v10, -x10v11, -x11v12, -x12v13, -x13v14, -x14v15, -x15v16, -x16        W, 1
--------------------------------------------------------------------------------------------------------------------------------------------------------------------
u1 y1 =      1,00     1,00     1,00     1,00     0,00     0,00     0,00     0,00     0,00     0,00     0,00     0,00     0,00     0,00     0,00     0,00        1,00
u2 y2 =      0,00     0,00     0,00     0,00     1,00     1,00     1,00     1,00     0,00     0,00     0,00     0,00     0,00     0,00     0,00     0,00        1,00
u3 y3 =      0,00     0,00     0,00     0,00     0,00     0,00     0,00     0,00     1,00     1,00     1,00     1,00     0,00     0,00     0,00     0,00        1,00
u4 y4 =      0,00     0,00     0,00     0,00     0,00     0,00     0,00     0,00     0,00     0,00     0,00     0,00     1,00     1,00     1,00     1,00        1,00
u5 y5 =     -1,00     0,00     0,00     0,00    -1,00     0,00     0,00     0,00    -1,00     0,00     0,00     0,00    -1,00     0,00     0,00     0,00       -1,00
u6 y6 =      0,00    -1,00     0,00     0,00     0,00    -1,00     0,00     0,00     0,00    -1,00     0,00     0,00     0,00    -1,00     0,00     0,00       -1,00
u7 y7 =      0,00     0,00    -1,00     0,00     0,00     0,00    -1,00     0,00     0,00     0,00    -1,00     0,00     0,00     0,00    -1,00     0,00       -1,00
u8 y8 =      0,00     0,00     0,00    -1,00     0,00     0,00     0,00    -1,00     0,00     0,00     0,00    -1,00     0,00     0,00     0,00    -1,00       -1,00
 1  Z =    -45,00   -17,00   -33,00   -10,00   -35,00   -15,00   -38,00    -8,00   -40,00   -16,00   -31,00    -9,00   -37,00   -22,00   -35,00   -15,00        0,00

Пошук опорного розв’язку:

Розв’язувальний рядок:    u5 y5
Розв’язувальний стовпець: v1, -x1

      =   u5, -y5  v2, -x2  v3, -x3  v4, -x4  v5, -x5  v6, -x6  v7, -x7  v8, -x8  v9, -x9v10, -x10v11, -x11v12, -x12v13, -x13v14, -x14v15, -x15v16, -x16        W, 1
--------------------------------------------------------------------------------------------------------------------------------------------------------------------
u1 y1 =      1,00     1,00     1,00     1,00    -1,00     0,00     0,00     0,00    -1,00     0,00     0,00     0,00    -1,00     0,00     0,00     0,00       -0,00
u2 y2 =      0,00     0,00     0,00     0,00     1,00     1,00     1,00     1,00    -0,00     0,00     0,00     0,00    -0,00     0,00     0,00     0,00        1,00
u3 y3 =      0,00     0,00     0,00     0,00    -0,00     0,00     0,00     0,00     1,00     1,00     1,00     1,00    -0,00     0,00     0,00     0,00        1,00
u4 y4 =      0,00     0,00     0,00     0,00    -0,00     0,00     0,00     0,00    -0,00     0,00     0,00     0,00     1,00     1,00     1,00     1,00        1,00
v1 x1 =     -1,00    -0,00    -0,00    -0,00     1,00    -0,00    -0,00    -0,00     1,00    -0,00    -0,00    -0,00     1,00    -0,00    -0,00    -0,00        1,00
u6 y6 =      0,00    -1,00     0,00     0,00    -0,00    -1,00     0,00     0,00    -0,00    -1,00     0,00     0,00    -0,00    -1,00     0,00     0,00       -1,00
u7 y7 =      0,00     0,00    -1,00     0,00    -0,00     0,00    -1,00     0,00    -0,00     0,00    -1,00     0,00    -0,00     0,00    -1,00     0,00       -1,00
u8 y8 =      0,00     0,00     0,00    -1,00    -0,00     0,00     0,00    -1,00    -0,00     0,00     0,00    -1,00    -0,00     0,00     0,00    -1,00       -1,00
 1  Z =    -45,00   -17,00   -33,00   -10,00    10,00   -15,00   -38,00    -8,00     5,00   -16,00   -31,00    -9,00     8,00   -22,00   -35,00   -15,00       45,00

Розв’язувальний рядок:    u6 y6
Розв’язувальний стовпець: v2, -x2

      =   u5, -y5  u6, -y6  v3, -x3  v4, -x4  v5, -x5  v6, -x6  v7, -x7  v8, -x8  v9, -x9v10, -x10v11, -x11v12, -x12v13, -x13v14, -x14v15, -x15v16, -x16        W, 1
--------------------------------------------------------------------------------------------------------------------------------------------------------------------
u1 y1 =      1,00     1,00     1,00     1,00    -1,00    -1,00     0,00     0,00    -1,00    -1,00     0,00     0,00    -1,00    -1,00     0,00     0,00       -1,00
u2 y2 =      0,00     0,00     0,00     0,00     1,00     1,00     1,00     1,00    -0,00    -0,00     0,00     0,00    -0,00    -0,00     0,00     0,00        1,00
u3 y3 =      0,00     0,00     0,00     0,00    -0,00    -0,00     0,00     0,00     1,00     1,00     1,00     1,00    -0,00    -0,00     0,00     0,00        1,00
u4 y4 =      0,00     0,00     0,00     0,00    -0,00    -0,00     0,00     0,00    -0,00    -0,00     0,00     0,00     1,00     1,00     1,00     1,00        1,00
v1 x1 =     -1,00    -0,00    -0,00    -0,00     1,00    -0,00    -0,00    -0,00     1,00    -0,00    -0,00    -0,00     1,00    -0,00    -0,00    -0,00        1,00
v2 x2 =     -0,00    -1,00    -0,00    -0,00     0,00     1,00    -0,00    -0,00     0,00     1,00    -0,00    -0,00     0,00     1,00    -0,00    -0,00        1,00
u7 y7 =      0,00     0,00    -1,00     0,00    -0,00    -0,00    -1,00     0,00    -0,00    -0,00    -1,00     0,00    -0,00    -0,00    -1,00     0,00       -1,00
u8 y8 =      0,00     0,00     0,00    -1,00    -0,00    -0,00     0,00    -1,00    -0,00    -0,00     0,00    -1,00    -0,00    -0,00     0,00    -1,00       -1,00
 1  Z =    -45,00   -17,00   -33,00   -10,00    10,00     2,00   -38,00    -8,00     5,00     1,00   -31,00    -9,00     8,00    -5,00   -35,00   -15,00       62,00

Розв’язувальний рядок:    u1 y1
Розв’язувальний стовпець: v5, -x5

      =   u5, -y5  u6, -y6  v3, -x3  v4, -x4  u1, -y1  v6, -x6  v7, -x7  v8, -x8  v9, -x9v10, -x10v11, -x11v12, -x12v13, -x13v14, -x14v15, -x15v16, -x16        W, 1
--------------------------------------------------------------------------------------------------------------------------------------------------------------------
v5 x5 =     -1,00    -1,00    -1,00    -1,00    -1,00     1,00    -0,00    -0,00     1,00     1,00    -0,00    -0,00     1,00     1,00    -0,00    -0,00        1,00
u2 y2 =      1,00     1,00     1,00     1,00     1,00    -0,00     1,00     1,00    -1,00    -1,00     0,00     0,00    -1,00    -1,00     0,00     0,00       -0,00
u3 y3 =     -0,00    -0,00    -0,00    -0,00    -0,00    -0,00    -0,00    -0,00     1,00     1,00     1,00     1,00    -0,00    -0,00    -0,00    -0,00        1,00
u4 y4 =     -0,00    -0,00    -0,00    -0,00    -0,00    -0,00    -0,00    -0,00    -0,00    -0,00    -0,00    -0,00     1,00     1,00     1,00     1,00        1,00
v1 x1 =     -0,00     1,00     1,00     1,00     1,00    -1,00    -0,00    -0,00    -0,00    -1,00    -0,00    -0,00    -0,00    -1,00    -0,00    -0,00       -0,00
v2 x2 =     -0,00    -1,00    -0,00    -0,00     0,00     1,00    -0,00    -0,00    -0,00     1,00    -0,00    -0,00    -0,00     1,00    -0,00    -0,00        1,00
u7 y7 =     -0,00    -0,00    -1,00    -0,00    -0,00    -0,00    -1,00    -0,00    -0,00    -0,00    -1,00    -0,00    -0,00    -0,00    -1,00    -0,00       -1,00
u8 y8 =     -0,00    -0,00    -0,00    -1,00    -0,00    -0,00    -0,00    -1,00    -0,00    -0,00    -0,00    -1,00    -0,00    -0,00    -0,00    -1,00       -1,00
 1  Z =    -35,00    -7,00   -23,00    -0,00    10,00    -8,00   -38,00    -8,00    -5,00    -9,00   -31,00    -9,00    -2,00   -15,00   -35,00   -15,00       52,00

Розв’язувальний рядок:    u7 y7
Розв’язувальний стовпець: v3, -x3

      =   u5, -y5  u6, -y6  u7, -y7  v4, -x4  u1, -y1  v6, -x6  v7, -x7  v8, -x8  v9, -x9v10, -x10v11, -x11v12, -x12v13, -x13v14, -x14v15, -x15v16, -x16        W, 1
--------------------------------------------------------------------------------------------------------------------------------------------------------------------
v5 x5 =     -1,00    -1,00    -1,00    -1,00    -1,00     1,00     1,00    -0,00     1,00     1,00     1,00    -0,00     1,00     1,00     1,00    -0,00        2,00
u2 y2 =      1,00     1,00     1,00     1,00     1,00    -0,00    -0,00     1,00    -1,00    -1,00    -1,00    -0,00    -1,00    -1,00    -1,00    -0,00       -1,00
u3 y3 =     -0,00    -0,00    -0,00    -0,00    -0,00    -0,00    -0,00    -0,00     1,00     1,00     1,00     1,00    -0,00    -0,00    -0,00    -0,00        1,00
u4 y4 =     -0,00    -0,00    -0,00    -0,00    -0,00    -0,00    -0,00    -0,00    -0,00    -0,00    -0,00    -0,00     1,00     1,00     1,00     1,00        1,00
v1 x1 =     -0,00     1,00     1,00     1,00     1,00    -1,00    -1,00    -0,00    -0,00    -1,00    -1,00    -0,00    -0,00    -1,00    -1,00    -0,00       -1,00
v2 x2 =     -0,00    -1,00    -0,00    -0,00     0,00     1,00    -0,00    -0,00    -0,00     1,00    -0,00    -0,00    -0,00     1,00    -0,00    -0,00        1,00
v3 x3 =      0,00     0,00    -1,00     0,00     0,00     0,00     1,00     0,00     0,00     0,00     1,00     0,00     0,00     0,00     1,00     0,00        1,00
u8 y8 =     -0,00    -0,00    -0,00    -1,00    -0,00    -0,00    -0,00    -1,00    -0,00    -0,00    -0,00    -1,00    -0,00    -0,00    -0,00    -1,00       -1,00
 1  Z =    -35,00    -7,00   -23,00    -0,00    10,00    -8,00   -15,00    -8,00    -5,00    -9,00    -8,00    -9,00    -2,00   -15,00   -12,00   -15,00       75,00

Розв’язувальний рядок:    u2 y2
Розв’язувальний стовпець: v9, -x9

      =   u5, -y5  u6, -y6  u7, -y7  v4, -x4  u1, -y1  v6, -x6  v7, -x7  v8, -x8  u2, -y2v10, -x10v11, -x11v12, -x12v13, -x13v14, -x14v15, -x15v16, -x16        W, 1
--------------------------------------------------------------------------------------------------------------------------------------------------------------------
v5 x5 =     -0,00    -0,00    -0,00    -0,00    -0,00     1,00     1,00     1,00     1,00    -0,00    -0,00    -0,00    -0,00    -0,00    -0,00    -0,00        1,00
v9 x9 =     -1,00    -1,00    -1,00    -1,00    -1,00     0,00     0,00    -1,00    -1,00     1,00     1,00     0,00     1,00     1,00     1,00     0,00        1,00
u3 y3 =      1,00     1,00     1,00     1,00     1,00    -0,00    -0,00     1,00     1,00    -0,00    -0,00     1,00    -1,00    -1,00    -1,00    -0,00       -0,00
u4 y4 =     -0,00    -0,00    -0,00    -0,00    -0,00    -0,00    -0,00    -0,00    -0,00    -0,00    -0,00    -0,00     1,00     1,00     1,00     1,00        1,00
v1 x1 =     -0,00     1,00     1,00     1,00     1,00    -1,00    -1,00    -0,00    -0,00    -1,00    -1,00    -0,00    -0,00    -1,00    -1,00    -0,00       -1,00
v2 x2 =     -0,00    -1,00    -0,00    -0,00    -0,00     1,00    -0,00    -0,00    -0,00     1,00    -0,00    -0,00    -0,00     1,00    -0,00    -0,00        1,00
v3 x3 =      0,00     0,00    -1,00     0,00     0,00    -0,00     1,00     0,00     0,00    -0,00     1,00    -0,00    -0,00    -0,00     1,00    -0,00        1,00
u8 y8 =     -0,00    -0,00    -0,00    -1,00    -0,00    -0,00    -0,00    -1,00    -0,00    -0,00    -0,00    -1,00    -0,00    -0,00    -0,00    -1,00       -1,00
 1  Z =    -40,00   -12,00   -28,00    -5,00     5,00    -8,00   -15,00   -13,00    -5,00    -4,00    -3,00    -9,00     3,00   -10,00    -7,00   -15,00       80,00

Розв’язувальний рядок:    v1 x1
Розв’язувальний стовпець: v6, -x6

      =   u5, -y5  u6, -y6  u7, -y7  v4, -x4  u1, -y1  v1, -x1  v7, -x7  v8, -x8  u2, -y2v10, -x10v11, -x11v12, -x12v13, -x13v14, -x14v15, -x15v16, -x16        W, 1
--------------------------------------------------------------------------------------------------------------------------------------------------------------------
v5 x5 =     -0,00     1,00     1,00     1,00     1,00     1,00    -0,00     1,00     1,00    -1,00    -1,00    -0,00    -0,00    -1,00    -1,00    -0,00       -0,00
v9 x9 =     -1,00    -1,00    -1,00    -1,00    -1,00     0,00    -0,00    -1,00    -1,00     1,00     1,00    -0,00     1,00     1,00     1,00    -0,00        1,00
u3 y3 =      1,00     1,00     1,00     1,00     1,00    -0,00    -0,00     1,00     1,00    -0,00    -0,00     1,00    -1,00    -1,00    -1,00    -0,00       -0,00
u4 y4 =     -0,00    -0,00    -0,00    -0,00    -0,00    -0,00    -0,00    -0,00    -0,00    -0,00    -0,00    -0,00     1,00     1,00     1,00     1,00        1,00
v6 x6 =      0,00    -1,00    -1,00    -1,00    -1,00    -1,00     1,00     0,00     0,00     1,00     1,00     0,00     0,00     1,00     1,00     0,00        1,00
v2 x2 =     -0,00    -0,00     1,00     1,00     1,00     1,00    -1,00    -0,00    -0,00    -0,00    -1,00    -0,00    -0,00    -0,00    -1,00    -0,00       -0,00
v3 x3 =      0,00    -0,00    -1,00    -0,00    -0,00    -0,00     1,00     0,00     0,00    -0,00     1,00    -0,00    -0,00    -0,00     1,00    -0,00        1,00
u8 y8 =     -0,00    -0,00    -0,00    -1,00    -0,00    -0,00    -0,00    -1,00    -0,00    -0,00    -0,00    -1,00    -0,00    -0,00    -0,00    -1,00       -1,00
 1  Z =    -40,00   -20,00   -36,00   -13,00    -3,00    -8,00    -7,00   -13,00    -5,00     4,00     5,00    -9,00     3,00    -2,00     1,00   -15,00       88,00

Розв’язувальний рядок:    u8 y8
Розв’язувальний стовпець: v4, -x4

      =   u5, -y5  u6, -y6  u7, -y7  u8, -y8  u1, -y1  v1, -x1  v7, -x7  v8, -x8  u2, -y2v10, -x10v11, -x11v12, -x12v13, -x13v14, -x14v15, -x15v16, -x16        W, 1
--------------------------------------------------------------------------------------------------------------------------------------------------------------------
v5 x5 =     -0,00     1,00     1,00     1,00     1,00     1,00    -0,00    -0,00     1,00    -1,00    -1,00    -1,00    -0,00    -1,00    -1,00    -1,00       -1,00
v9 x9 =     -1,00    -1,00    -1,00    -1,00    -1,00     0,00    -0,00    -0,00    -1,00     1,00     1,00     1,00     1,00     1,00     1,00     1,00        2,00
u3 y3 =      1,00     1,00     1,00     1,00     1,00    -0,00    -0,00    -0,00     1,00    -0,00    -0,00    -0,00    -1,00    -1,00    -1,00    -1,00       -1,00
u4 y4 =     -0,00    -0,00    -0,00    -0,00    -0,00    -0,00    -0,00    -0,00    -0,00    -0,00    -0,00    -0,00     1,00     1,00     1,00     1,00        1,00
v6 x6 =      0,00    -1,00    -1,00    -1,00    -1,00    -1,00     1,00     1,00     0,00     1,00     1,00     1,00     0,00     1,00     1,00     1,00        2,00
v2 x2 =     -0,00    -0,00     1,00     1,00     1,00     1,00    -1,00    -1,00    -0,00    -0,00    -1,00    -1,00    -0,00    -0,00    -1,00    -1,00       -1,00
v3 x3 =      0,00    -0,00    -1,00    -0,00    -0,00    -0,00     1,00     0,00     0,00    -0,00     1,00    -0,00    -0,00    -0,00     1,00    -0,00        1,00
v4 x4 =      0,00     0,00     0,00    -1,00     0,00     0,00     0,00     1,00     0,00     0,00     0,00     1,00     0,00     0,00     0,00     1,00        1,00
 1  Z =    -40,00   -20,00   -36,00   -13,00    -3,00    -8,00    -7,00    -0,00    -5,00     4,00     5,00     4,00     3,00    -2,00     1,00    -2,00      101,00

Розв’язувальний рядок:    v5 x5
Розв’язувальний стовпець: v10, -x10

        =   u5, -y5  u6, -y6  u7, -y7  u8, -y8  u1, -y1  v1, -x1  v7, -x7  v8, -x8  u2, -y2  v5, -x5v11, -x11v12, -x12v13, -x13v14, -x14v15, -x15v16, -x16        W, 1
----------------------------------------------------------------------------------------------------------------------------------------------------------------------
v10 x10 =      0,00    -1,00    -1,00    -1,00    -1,00    -1,00     0,00     0,00    -1,00    -1,00     1,00     1,00     0,00     1,00     1,00     1,00        1,00
  v9 x9 =     -1,00    -0,00    -0,00    -0,00    -0,00     1,00    -0,00    -0,00    -0,00     1,00    -0,00    -0,00     1,00    -0,00    -0,00    -0,00        1,00
  u3 y3 =      1,00     1,00     1,00     1,00     1,00    -0,00    -0,00    -0,00     1,00    -0,00    -0,00    -0,00    -1,00    -1,00    -1,00    -1,00       -1,00
  u4 y4 =     -0,00    -0,00    -0,00    -0,00    -0,00    -0,00    -0,00    -0,00    -0,00    -0,00    -0,00    -0,00     1,00     1,00     1,00     1,00        1,00
  v6 x6 =     -0,00    -0,00    -0,00    -0,00    -0,00    -0,00     1,00     1,00     1,00     1,00    -0,00    -0,00    -0,00    -0,00    -0,00    -0,00        1,00
  v2 x2 =     -0,00    -0,00     1,00     1,00     1,00     1,00    -1,00    -1,00    -0,00    -0,00    -1,00    -1,00    -0,00    -0,00    -1,00    -1,00       -1,00
  v3 x3 =      0,00    -0,00    -1,00    -0,00    -0,00    -0,00     1,00     0,00    -0,00    -0,00     1,00    -0,00    -0,00    -0,00     1,00    -0,00        1,00
  v4 x4 =     -0,00     0,00     0,00    -1,00     0,00     0,00    -0,00     1,00     0,00     0,00    -0,00     1,00    -0,00    -0,00    -0,00     1,00        1,00
   1  Z =    -40,00   -16,00   -32,00    -9,00     1,00    -4,00    -7,00    -0,00    -1,00     4,00     1,00    -0,00     3,00    -6,00    -3,00    -6,00       97,00

Розв’язувальний рядок:    u3 y3
Розв’язувальний стовпець: v13, -x13

        =   u5, -y5  u6, -y6  u7, -y7  u8, -y8  u1, -y1  v1, -x1  v7, -x7  v8, -x8  u2, -y2  v5, -x5v11, -x11v12, -x12  u3, -y3v14, -x14v15, -x15v16, -x16        W, 1
----------------------------------------------------------------------------------------------------------------------------------------------------------------------
v10 x10 =      0,00    -1,00    -1,00    -1,00    -1,00    -1,00    -0,00    -0,00    -1,00    -1,00     1,00     1,00     0,00     1,00     1,00     1,00        1,00
  v9 x9 =     -0,00     1,00     1,00     1,00     1,00     1,00    -0,00    -0,00     1,00     1,00    -0,00    -0,00     1,00    -1,00    -1,00    -1,00       -0,00
v13 x13 =     -1,00    -1,00    -1,00    -1,00    -1,00     0,00     0,00     0,00    -1,00     0,00     0,00     0,00    -1,00     1,00     1,00     1,00        1,00
  u4 y4 =      1,00     1,00     1,00     1,00     1,00    -0,00    -0,00    -0,00     1,00    -0,00    -0,00    -0,00     1,00    -0,00    -0,00    -0,00       -0,00
  v6 x6 =     -0,00    -0,00    -0,00    -0,00    -0,00    -0,00     1,00     1,00     1,00     1,00    -0,00    -0,00    -0,00    -0,00    -0,00    -0,00        1,00
  v2 x2 =     -0,00    -0,00     1,00     1,00     1,00     1,00    -1,00    -1,00    -0,00    -0,00    -1,00    -1,00    -0,00    -0,00    -1,00    -1,00       -1,00
  v3 x3 =     -0,00    -0,00    -1,00    -0,00    -0,00    -0,00     1,00     0,00    -0,00    -0,00     1,00    -0,00    -0,00    -0,00     1,00    -0,00        1,00
  v4 x4 =     -0,00    -0,00    -0,00    -1,00    -0,00     0,00    -0,00     1,00    -0,00     0,00    -0,00     1,00    -0,00    -0,00    -0,00     1,00        1,00
   1  Z =    -37,00   -13,00   -29,00    -6,00     4,00    -4,00    -7,00    -0,00     2,00     4,00     1,00    -0,00     3,00    -9,00    -6,00    -9,00       94,00

Розв’язувальний рядок:    v2 x2
Розв’язувальний стовпець: v7, -x7

        =   u5, -y5  u6, -y6  u7, -y7  u8, -y8  u1, -y1  v1, -x1  v2, -x2  v8, -x8  u2, -y2  v5, -x5v11, -x11v12, -x12  u3, -y3v14, -x14v15, -x15v16, -x16        W, 1
----------------------------------------------------------------------------------------------------------------------------------------------------------------------
v10 x10 =      0,00    -1,00    -1,00    -1,00    -1,00    -1,00    -0,00    -0,00    -1,00    -1,00     1,00     1,00     0,00     1,00     1,00     1,00        1,00
  v9 x9 =     -0,00     1,00     1,00     1,00     1,00     1,00    -0,00    -0,00     1,00     1,00    -0,00    -0,00     1,00    -1,00    -1,00    -1,00       -0,00
v13 x13 =     -1,00    -1,00    -1,00    -1,00    -1,00     0,00     0,00    -0,00    -1,00    -0,00    -0,00    -0,00    -1,00     1,00     1,00     1,00        1,00
  u4 y4 =      1,00     1,00     1,00     1,00     1,00    -0,00    -0,00    -0,00     1,00    -0,00    -0,00    -0,00     1,00    -0,00    -0,00    -0,00       -0,00
  v6 x6 =     -0,00    -0,00     1,00     1,00     1,00     1,00     1,00    -0,00     1,00     1,00    -1,00    -1,00    -0,00    -0,00    -1,00    -1,00       -0,00
  v7 x7 =      0,00     0,00    -1,00    -1,00    -1,00    -1,00    -1,00     1,00     0,00     0,00     1,00     1,00     0,00     0,00     1,00     1,00        1,00
  v3 x3 =     -0,00    -0,00    -0,00     1,00     1,00     1,00     1,00    -1,00    -0,00    -0,00    -0,00    -1,00    -0,00    -0,00    -0,00    -1,00       -0,00
  v4 x4 =     -0,00    -0,00    -0,00    -1,00    -0,00    -0,00    -0,00     1,00    -0,00     0,00    -0,00     1,00    -0,00    -0,00    -0,00     1,00        1,00
   1  Z =    -37,00   -13,00   -36,00   -13,00    -3,00   -11,00    -7,00     7,00     2,00     4,00     8,00     7,00     3,00    -9,00     1,00    -2,00      101,00

Знайдено опорний розв’язок:

Симплекс-таблиця:

        =   u5, -y5  u6, -y6  u7, -y7  u8, -y8  u1, -y1  v1, -x1  v2, -x2  v8, -x8  u2, -y2  v5, -x5v11, -x11v12, -x12  u3, -y3v14, -x14v15, -x15v16, -x16        W, 1
----------------------------------------------------------------------------------------------------------------------------------------------------------------------
v10 x10 =      0,00    -1,00    -1,00    -1,00    -1,00    -1,00    -0,00    -0,00    -1,00    -1,00     1,00     1,00     0,00     1,00     1,00     1,00        1,00
  v9 x9 =     -0,00     1,00     1,00     1,00     1,00     1,00    -0,00    -0,00     1,00     1,00    -0,00    -0,00     1,00    -1,00    -1,00    -1,00       -0,00
v13 x13 =     -1,00    -1,00    -1,00    -1,00    -1,00     0,00     0,00    -0,00    -1,00    -0,00    -0,00    -0,00    -1,00     1,00     1,00     1,00        1,00
  u4 y4 =      1,00     1,00     1,00     1,00     1,00    -0,00    -0,00    -0,00     1,00    -0,00    -0,00    -0,00     1,00    -0,00    -0,00    -0,00       -0,00
  v6 x6 =     -0,00    -0,00     1,00     1,00     1,00     1,00     1,00    -0,00     1,00     1,00    -1,00    -1,00    -0,00    -0,00    -1,00    -1,00       -0,00
  v7 x7 =      0,00     0,00    -1,00    -1,00    -1,00    -1,00    -1,00     1,00     0,00     0,00     1,00     1,00     0,00     0,00     1,00     1,00        1,00
  v3 x3 =     -0,00    -0,00    -0,00     1,00     1,00     1,00     1,00    -1,00    -0,00    -0,00    -0,00    -1,00    -0,00    -0,00    -0,00    -1,00       -0,00
  v4 x4 =     -0,00    -0,00    -0,00    -1,00    -0,00    -0,00    -0,00     1,00    -0,00     0,00    -0,00     1,00    -0,00    -0,00    -0,00     1,00        1,00
   1  Z =    -37,00   -13,00   -36,00   -13,00    -3,00   -11,00    -7,00     7,00     2,00     4,00     8,00     7,00     3,00    -9,00     1,00    -2,00      101,00

Розв’язки прямої задачі:
X = (0,00; 0,00; -0,00; 1,00; 0,00; -0,00; 1,00; 0,00; -0,00; 1,00; 0,00; 0,00; 1,00; 0,00; 0,00; 0,00)

Розв’язки двоїстої задачі:
U = (-3,00; 2,00; 3,00; 0,00; -37,00; -13,00; -36,00; -13,00)

Пошук оптимального розв’язку:

Розв’язувальний рядок:    v10 x10
Розв’язувальний стовпець: v11, -x11

        =   u5, -y5  u6, -y6  u7, -y7  u8, -y8  u1, -y1  v1, -x1  v2, -x2  v8, -x8  u2, -y2  v5, -x5v10, -x10v12, -x12  u3, -y3v14, -x14v15, -x15v16, -x16        W, 1
----------------------------------------------------------------------------------------------------------------------------------------------------------------------
v11 x11 =      0,00    -1,00    -1,00    -1,00    -1,00    -1,00    -0,00    -0,00    -1,00    -1,00     1,00     1,00     0,00     1,00     1,00     1,00        1,00
  v9 x9 =      0,00     1,00     1,00     1,00     1,00     1,00    -0,00    -0,00     1,00     1,00     0,00     0,00     1,00    -1,00    -1,00    -1,00        0,00
v13 x13 =     -1,00    -1,00    -1,00    -1,00    -1,00     0,00     0,00    -0,00    -1,00    -0,00     0,00     0,00    -1,00     1,00     1,00     1,00        1,00
  u4 y4 =      1,00     1,00     1,00     1,00     1,00    -0,00    -0,00    -0,00     1,00    -0,00     0,00     0,00     1,00     0,00     0,00     0,00        0,00
  v6 x6 =      0,00    -1,00     0,00     0,00     0,00     0,00     1,00    -0,00     0,00     0,00     1,00     0,00     0,00     1,00     0,00     0,00        1,00
  v7 x7 =      0,00     1,00     0,00     0,00     0,00     0,00    -1,00     1,00     1,00     1,00    -1,00     0,00     0,00    -1,00     0,00     0,00        0,00
  v3 x3 =      0,00    -0,00    -0,00     1,00     1,00     1,00     1,00    -1,00    -0,00    -0,00     0,00    -1,00     0,00     0,00     0,00    -1,00        0,00
  v4 x4 =      0,00    -0,00    -0,00    -1,00    -0,00    -0,00    -0,00     1,00    -0,00     0,00     0,00     1,00     0,00     0,00     0,00     1,00        1,00
   1  Z =    -37,00    -5,00   -28,00    -5,00     5,00    -3,00    -7,00     7,00    10,00    12,00    -8,00    -1,00     3,00   -17,00    -7,00   -10,00       93,00

Розв’язувальний рядок:    v9 x9
Розв’язувальний стовпець: v5, -x5

        =   u5, -y5  u6, -y6  u7, -y7  u8, -y8  u1, -y1  v1, -x1  v2, -x2  v8, -x8  u2, -y2  v9, -x9v10, -x10v12, -x12  u3, -y3v14, -x14v15, -x15v16, -x16        W, 1
----------------------------------------------------------------------------------------------------------------------------------------------------------------------
v11 x11 =      0,00     0,00     0,00     0,00     0,00     0,00    -0,00    -0,00     0,00     1,00     1,00     1,00     1,00     0,00     0,00     0,00        1,00
  v5 x5 =      0,00     1,00     1,00     1,00     1,00     1,00    -0,00    -0,00     1,00     1,00     0,00     0,00     1,00    -1,00    -1,00    -1,00        0,00
v13 x13 =     -1,00    -1,00    -1,00    -1,00    -1,00     0,00     0,00    -0,00    -1,00     0,00     0,00     0,00    -1,00     1,00     1,00     1,00        1,00
  u4 y4 =      1,00     1,00     1,00     1,00     1,00     0,00    -0,00    -0,00     1,00     0,00     0,00     0,00     1,00     0,00     0,00     0,00        0,00
  v6 x6 =      0,00    -1,00     0,00     0,00     0,00     0,00     1,00     0,00     0,00    -0,00     1,00     0,00     0,00     1,00     0,00     0,00        1,00
  v7 x7 =      0,00     0,00    -1,00    -1,00    -1,00    -1,00    -1,00     1,00     0,00    -1,00    -1,00     0,00    -1,00     0,00     1,00     1,00        0,00
  v3 x3 =      0,00     0,00     0,00     1,00     1,00     1,00     1,00    -1,00     0,00     0,00     0,00    -1,00     0,00     0,00     0,00    -1,00        0,00
  v4 x4 =      0,00    -0,00    -0,00    -1,00    -0,00    -0,00     0,00     1,00    -0,00    -0,00     0,00     1,00     0,00     0,00     0,00     1,00        1,00
   1  Z =    -37,00   -17,00   -40,00   -17,00    -7,00   -15,00    -7,00     7,00    -2,00   -12,00    -8,00    -1,00    -9,00    -5,00     5,00     2,00       93,00

Розв’язувальний рядок:    v7 x7
Розв’язувальний стовпець: v8, -x8

        =   u5, -y5  u6, -y6  u7, -y7  u8, -y8  u1, -y1  v1, -x1  v2, -x2  v7, -x7  u2, -y2  v9, -x9v10, -x10v12, -x12  u3, -y3v14, -x14v15, -x15v16, -x16        W, 1
----------------------------------------------------------------------------------------------------------------------------------------------------------------------
v11 x11 =      0,00     0,00     0,00     0,00     0,00     0,00    -0,00     0,00     0,00     1,00     1,00     1,00     1,00     0,00     0,00     0,00        1,00
  v5 x5 =      0,00     1,00     1,00     1,00     1,00     1,00    -0,00     0,00     1,00     1,00     0,00     0,00     1,00    -1,00    -1,00    -1,00        0,00
v13 x13 =     -1,00    -1,00    -1,00    -1,00    -1,00     0,00     0,00     0,00    -1,00     0,00     0,00     0,00    -1,00     1,00     1,00     1,00        1,00
  u4 y4 =      1,00     1,00     1,00     1,00     1,00     0,00    -0,00     0,00     1,00     0,00     0,00     0,00     1,00     0,00     0,00     0,00        0,00
  v6 x6 =      0,00    -1,00     0,00     0,00     0,00     0,00     1,00    -0,00     0,00     0,00     1,00     0,00     0,00     1,00     0,00     0,00        1,00
  v8 x8 =      0,00     0,00    -1,00    -1,00    -1,00    -1,00    -1,00     1,00     0,00    -1,00    -1,00     0,00    -1,00     0,00     1,00     1,00        0,00
  v3 x3 =      0,00     0,00    -1,00     0,00     0,00     0,00     0,00     1,00     0,00    -1,00    -1,00    -1,00    -1,00     0,00     1,00     0,00        0,00
  v4 x4 =      0,00    -0,00     1,00     0,00     1,00     1,00     1,00    -1,00    -0,00     1,00     1,00     1,00     1,00     0,00    -1,00     0,00        1,00
   1  Z =    -37,00   -17,00   -33,00   -10,00     0,00    -8,00     0,00    -7,00    -2,00    -5,00    -1,00    -1,00    -2,00    -5,00    -2,00    -5,00       93,00


Знайдено оптимальний розв’язок:

Симплекс-таблиця:

X = (0,00; 0,00; 0,00; 1,00; 0,00; 1,00; 0,00; 0,00; 0,00; 0,00; 1,00; 0,00; 1,00; 0,00; 0,00; 0,00)

Min (Z) = 93,00